$SPEC_ID:
No sample description was entered.
$SPEC_REM:
DET# 1
DETDESC# HEWLETT-88U0ST7 MCB 129
AP# Maestro Version 6.08
$DATE_MEA:
06/14/2022 11:09:00
$MEAS_TIM:
300 300
$DATA:
0 4095
       0
       0
       0
       0
       0
       0
       0
       0
       0
       0
       0
       0
       0
       0
       0
       0
       0
       0
       0
       0
       0
       0
       0
       0
       0
       0
       0
       0
       0
       0
       0
       0
       0
       0
       0
       0
       0
       0
       0
       0
       0
       0
       0
       0
       0
       0
       0
       0
       0
       0
       0
       0
      33
      39
      30
      16
      18
      13
      15
      13
      13
       8
       9
      14
       8
       3
       3
       3
       5
       7
       3
       3
       2
       4
       1
       3
       1
       1
       2
       1
       0
       0
       0
       0
       2
       1
       2
       3
       0
       1
       0
       1
       0
       1
       0
       1
       1
       2
       0
       0
       0
       0
       2
       0
       1
       0
       1
       1
       0
       1
       2
       1
       0
       0
       0
       2
       0
       0
       0
       1
       0
       0
       2
       2
       0
       0
       0
       0
       1
       2
       0
       2
       0
       0
       1
       0
       0
       0
       1
       0
       0
       0
       2
       1
       3
       0
       0
       0
       1
       1
       0
       0
       0
       1
       0
       2
       0
       1
       0
       0
       1
       0
       0
       0
       2
       0
       1
       0
       1
       0
       2
       1
       0
       4
       0
       0
       1
       0
       3
       0
       1
       0
       0
       2
       0
       0
       0
       1
       0
       0
       0
       0
       0
       1
       1
       0
       1
       0
       0
       0
       0
       0
       0
       0
       0
       1
       0
       1
       0
       1
       0
       2
       0
       0
       1
       1
       0
       0
       1
       0
       0
       0
       1
       1
       0
       0
       0
       0
       2
       0
       1
       1
       0
       1
       1
       1
       0
       1
       0
       1
       1
       0
       0
       1
       0
       0
       0
       0
       0
       1
       1
       1
       1
       0
       0
       0
       0
       0
       0
       0
       0
       0
       1
       0
       0
       0
       0
       0
       0
       0
       0
       2
       0
       1
       0
       0
       0
       0
       0
       1
       1
       1
       1
       0
       0
       1
       1
       0
       1
       0
       3
       1
       1
       0
       2
       1
       1
       1
       0
       0
       0
       0
       0
       0
       1
       0
       0
       1
       2
       1
       0
       2
       0
       0
       0
       0
       1
       0
       0
       1
       0
       0
       1
       1
       1
       0
       2
       0
       0
       1
       1
       0
       1
       0
       0
       1
       0
       0
       1
       0
       1
       0
       2
       0
       0
       0
       0
       1
       0
       2
       0
       0
       1
       1
       2
       0
       0
       0
       0
       1
       1
       0
       0
       1
       0
       2
       0
       0
       0
       0
       0
       1
       0
       0
       0
       0
       0
       0
       0
       0
       1
       1
       0
       1
       0
       0
       0
       0
       1
       0
       1
       0
       0
       0
       1
       1
       1
       0
       0
       0
       1
       0
       1
       0
       0
       0
       0
       2
       0
       0
       0
       0
       0
       0
       1
       0
       0
       0
       0
       0
       0
       0
       1
       0
       1
       0
       0
       0
       0
       0
       0
       0
       0
       0
       0
       0
       0
       1
       0
       0
       0
       0
       0
       0
       1
       1
       0
       0
       0
       0
       0
       0
       1
       1
       0
       0
       0
       0
       0
       0
       1
       0
       1
       0
       0
       1
       0
       0
       0
       1
       1
       0
       0
       1
       0
       0
       0
       1
       3
       0
       0
       1
       1
       1
       1
       1
       0
       0
       1
       1
       0
       0
       1
       0
       0
       2
       0
       1
       0
       0
       1
       0
       0
       1
       1
       2
       0
       0
       0
       1
       2
       0
       0
       0
       0
       0
       0
       0
       1
       0
       0
       0
       0
       1
       0
       1
       0
       0
       0
       0
       1
       0
       0
       0
       1
       3
       0
       0
       0
       0
       0
       2
       0
       0
       0
       0
       0
       2
       0
       0
       1
       1
       0
       0
       0
       0
       0
       0
       1
       1
       0
       0
       1
       0
       0
       0
       1
       1
       1
       0
       0
       0
       0
       0
       0
       0
       0
       1
       1
       2
       0
       0
       0
       0
       0
       0
       0
       0
       1
       0
       1
       0
       0
       1
       0
       1
       0
       0
       0
       0
       0
       0
       0
       1
       0
       0
       0
       0
       0
       0
       0
       0
       0
       0
       0
       0
       0
       1
       0
       1
       1
       0
       0
       2
       0
       0
       1
       1
       1
       0
       1
       0
       1
       2
       0
       0
       0
       0
       0
       1
       0
       2
       0
       0
       0
       0
       0
       0
       0
       1
       0
       2
       0
       0
       0
       0
       0
       1
       1
       1
       1
       1
       1
       0
       0
       0
       0
       0
       2
       1
       0
       1
       0
       0
       0
       1
       0
       0
       1
       0
       0
       0
       1
       0
       2
       2
       0
       0
       0
       2
       0
       0
       0
       1
       0
       1
       2
       0
       0
       0
       0
       1
       0
       0
       1
       0
       0
       1
       1
       0
       0
       0
       0
       0
       0
       0
       1
       0
       0
       0
       1
       0
       0
       0
       0
       0
       0
       0
       2
       3
       1
       0
       0
       2
       1
       1
       1
       2
       2
       0
       0
       0
       0
       0
       2
       0
       1
       2
       0
       0
       0
       1
       0
       0
       0
       1
       0
       0
       2
       0
       2
       1
       2
       0
       0
       0
       0
       0
       0
       1
       0
       0
       0
       0
       0
       0
       2
       0
       1
       0
       0
       0
       2
       1
       0
       0
       1
       1
       1
       1
       3
       0
       0
       0
       0
       0
       0
       0
       0
       1
       0
       0
       1
       0
       1
       1
       0
       1
       0
       1
       0
       1
       2
       1
       1
       0
       1
       0
       3
       0
       1
       1
       1
       0
       0
       0
       1
       1
       1
       0
       0
       0
       0
       3
       2
       0
       0
       0
       0
       0
       0
       1
       1
       0
       0
       2
       0
       1
       0
       0
       1
       1
       0
       1
       1
       2
       0
       1
       0
       0
       0
       0
       1
       1
       0
       0
       0
       0
       1
       0
       0
       0
       0
       0
       0
       0
       0
       1
       0
       0
       0
       0
       1
       2
       0
       2
       0
       3
       1
       0
       1
       0
       0
       0
       0
       0
       0
       0
       0
       2
       1
       0
       1
       1
       0
       1
       0
       1
       2
       1
       0
       0
       1
       0
       0
       0
       0
       0
       2
       0
       0
       0
       0
       0
       0
       0
       0
       1
       3
       1
       1
       0
       0
       0
       1
       0
       0
       0
       0
       1
       1
       0
       1
       0
       1
       0
       1
       1
       0
       0
       0
       0
       2
       0
       1
       1
       0
       1
       0
       1
       0
       1
       0
       2
       0
       0
       1
       0
       0
       0
       0
       1
       0
       2
       1
       0
       1
       1
       0
       1
       0
       1
       1
       1
       1
       0
       0
       0
       0
       0
       0
       0
       0
       0
       0
       0
       0
       0
       1
       0
       2
       0
       0
       0
       0
       1
       0
       0
       2
       0
       0
       0
       0
       0
       0
       0
       0
       2
       1
       0
       0
       1
       1
       1
       1
       0
       0
       0
       2
       1
       0
       3
       1
       0
       0
       0
       1
       0
       0
       0
       0
       1
       0
       0
       0
       1
       0
       1
       0
       0
       0
       0
       1
       1
       1
       0
       1
       0
       1
       0
       1
       2
       1
       1
       0
       1
       0
       1
       1
       1
       0
       1
       0
       0
       0
       0
       0
       1
       0
       0
       1
       0
       0
       0
       0
       2
       0
       0
       1
       0
       1
       0
       0
       0
       1
       1
       0
       0
       1
       1
       2
       0
       0
       1
       0
       0
       0
       0
       1
       0
       0
       1
       1
       2
       0
       1
       1
       0
       0
       1
       2
       0
       0
       1
       0
       0
       0
       0
       0
       0
       0
       0
       1
       1
       0
       0
       0
       1
       0
       0
       0
       0
       0
       0
       0
       1
       0
       0
       0
       0
       0
       1
       1
       0
       0
       0
       0
       0
       0
       0
       0
       0
       0
       0
       0
       2
       0
       1
       0
       0
       0
       0
       0
       1
       1
       0
       1
       2
       0
       4
       0
       0
       0
       0
       0
       1
       0
       0
       0
       0
       1
       1
       0
       1
       0
       1
       1
       1
       1
       0
       0
       0
       1
       0
       0
       0
       2
       0
       1
       1
       0
       0
       0
       0
       0
       1
       0
       0
       0
       0
       0
       0
       0
       0
       0
       0
       1
       0
       0
       2
       1
       0
       1
       1
       0
       3
       1
       0
       0
       1
       0
       1
       0
       0
       0
       1
       2
       0
       1
       0
       1
       1
       0
       1
       0
       0
       1
       2
       1
       0
       0
       2
       1
       0
       1
       1
       1
       1
       0
       2
       1
       0
       1
       1
       0
       0
       0
       2
       1
       1
       0
       0
       1
       0
       1
       0
       1
       0
       0
       0
       0
       0
       0
       0
       0
       1
       1
       0
       0
       0
       2
       0
       0
       0
       0
       1
       1
       2
       0
       2
       0
       1
       1
       1
       1
       1
       1
       1
       1
       0
       1
       1
       0
       2
       2
       0
       1
       0
       0
       1
       0
       0
       1
       0
       1
       0
       0
       0
       2
       2
       1
       1
       0
       0
       0
       1
       0
       0
       0
       0
       1
       1
       1
       0
       0
       0
       0
       1
       3
       0
       0
       0
       0
       0
       1
       0
       0
       1
       0
       0
       0
       0
       0
       0
       0
       1
       1
       0
       0
       0
       0
       0
       1
       2
       0
       0
       0
       0
       0
       0
       0
       0
       0
       0
       1
       0
       0
       0
       0
       0
       1
       0
       1
       1
       0
       0
       0
       1
       0
       0
       1
       1
       0
       0
       0
       0
       0
       0
       1
       1
       0
       1
       1
       1
       0
       1
       1
       0
       0
       0
       0
       0
       0
       0
       0
       0
       0
       0
       1
       1
       1
       0
       0
       0
       2
       0
       0
       1
       1
       0
       1
       0
       0
       1
       0
       0
       1
       0
       1
       1
       0
       2
       0
       0
       0
       0
       0
       0
       0
       0
       1
       1
       0
       0
       0
       1
       0
       0
       2
       1
       2
       0
       0
       0
       0
       3
       1
       1
       2
       1
       1
       0
       0
       1
       0
       0
       2
       2
       1
       0
       0
       0
       0
       0
       0
       0
       0
       0
       0
       0
       1
       0
       1
       0
       0
       0
       1
       0
       1
       0
       0
       1
       0
       0
       0
       0
       0
       1
       0
       1
       0
       0
       0
       0
       2
       2
       1
       0
       1
       1
       0
       0
       0
       1
       0
       0
       0
       1
       0
       2
       1
       1
       0
       0
       0
       0
       1
       0
       0
       0
       2
       2
       1
       1
       1
       2
       0
       1
       0
       1
       0
       3
       0
       1
       0
       1
       1
       0
       0
       1
       0
       0
       0
       1
       0
       0
       0
       0
       1
       0
       0
       2
       1
       1
       0
       0
       1
       0
       1
       0
       1
       0
       0
       1
       1
       0
       3
       0
       1
       0
       0
       0
       0
       1
       0
       2
       2
       2
       1
       1
       0
       1
       0
       0
       0
       0
       0
       1
       0
       1
       1
       0
       0
       0
       0
       1
       0
       0
       0
       1
       0
       1
       0
       0
       0
       0
       1
       0
       2
       1
       1
       0
       0
       1
       1
       1
       1
       0
       1
       0
       1
       1
       0
       0
       1
       0
       0
       2
       0
       0
       0
       0
       1
       0
       1
       1
       2
       4
       0
       2
       0
       0
       0
       0
       1
       0
       0
       1
       0
       0
       1
       1
       0
       0
       0
       0
       0
       1
       0
       0
       0
       1
       0
       0
       0
       0
       1
       0
       2
       1
       0
       0
       0
       0
       0
       0
       1
       0
       0
       1
       0
       1
       0
       2
       0
       0
       0
       0
       0
       0
       0
       0
       1
       0
       0
       0
       0
       1
       0
       0
       2
       1
       0
       1
       0
       0
       0
       1
       0
       0
       0
       1
       0
       1
       0
       0
       0
       0
       0
       0
       0
       1
       0
       0
       0
       1
       0
       0
       0
       0
       0
       1
       1
       0
       3
       1
       1
       0
       0
       0
       0
       0
       0
       0
       0
       0
       0
       0
       1
       1
       0
       0
       2
       0
       0
       0
       0
       0
       1
       1
       1
       0
       0
       1
       0
       1
       0
       0
       1
       0
       0
       0
       1
       0
       0
       0
       0
       0
       1
       0
       0
       1
       0
       0
       0
       1
       0
       1
       0
       2
       1
       1
       0
       1
       0
       0
       0
       1
       0
       1
       1
       1
       1
       0
       0
       2
       0
       1
       0
       0
       0
       1
       2
       1
       2
       0
       0
       0
       0
       0
       0
       0
       1
       3
       3
       2
       0
       0
       0
       0
       0
       0
       2
       0
       0
       0
       1
       0
       1
       0
       2
       0
       0
       0
       0
       0
       1
       1
       0
       0
       0
       0
       0
       0
       2
       0
       0
       1
       0
       2
       1
       0
       0
       0
       0
       2
       0
       0
       1
       1
       2
       0
       0
       0
       1
       1
       0
       0
       0
       0
       0
       0
       1
       0
       0
       0
       0
       0
       0
       0
       1
       1
       0
       0
       0
       1
       0
       1
       0
       0
       0
       0
       1
       0
       0
       2
       1
       0
       0
       1
       0
       1
       0
       0
       0
       0
       2
       0
       0
       2
       2
       0
       0
       0
       0
       1
       1
       1
       1
       1
       1
       2
       1
       1
       1
       0
       0
       2
       0
       1
       0
       0
       1
       0
       1
       0
       2
       0
       0
       0
       0
       1
       2
       1
       0
       0
       1
       2
       0
       0
       1
       2
       0
       1
       1
       0
       0
       1
       1
       0
       1
       0
       0
       0
       0
       0
       0
       0
       2
       1
       1
       2
       0
       2
       1
       0
       1
       0
       0
       1
       1
       0
       1
       1
       0
       1
       0
       1
       0
       1
       1
       3
       0
       0
       1
       0
       0
       0
       3
       1
       0
       2
       1
       0
       0
       0
       1
       1
       0
       0
       0
       1
       0
       1
       0
       1
       1
       1
       1
       0
       1
       2
       1
       2
       0
       1
       1
       2
       0
       0
       0
       0
       1
       1
       1
       2
       0
       0
       0
       0
       0
       0
       1
       0
       0
       0
       0
       0
       4
       1
       0
       0
       0
       0
       0
       0
       1
       0
       0
       0
       0
       0
       0
       0
       0
       1
       1
       1
       1
       1
       0
       1
       0
       0
       1
       0
       0
       0
       2
       0
       0
       0
       0
       2
       1
       1
       1
       0
       1
       0
       1
       0
       1
       1
       1
       0
       0
       1
       1
       2
       0
       0
       1
       0
       0
       0
       0
       0
       0
       0
       3
       2
       2
       0
       2
       3
       0
       1
       0
       0
       0
       0
       1
       0
       0
       0
       1
       1
       1
       0
       0
       1
       0
       0
       0
       0
       2
       0
       1
       1
       0
       1
       0
       0
       1
       0
       0
       1
       2
       0
       0
       1
       1
       1
       0
       2
       2
       0
       1
       1
       1
       1
       0
       1
       0
       0
       0
       1
       0
       1
       0
       1
       2
       1
       0
       1
       1
       0
       1
       0
       1
       1
       0
       0
       0
       0
       2
       0
       0
       2
       1
       1
       1
       0
       2
       0
       1
       1
       1
       0
       0
       0
       0
       1
       0
       0
       0
       0
       1
       0
       0
       0
       3
       0
       0
       2
       1
       0
       0
       1
       0
       1
       0
       1
       0
       1
       0
       0
       0
       0
       1
       1
       0
       0
       1
       1
       0
       0
       0
       2
       2
       0
       0
       2
       1
       1
       0
       0
       0
       1
       0
       2
       1
       1
       0
       0
       1
       1
       0
       0
       0
       0
       0
       0
       0
       0
       1
       1
       0
       0
       0
       1
       0
       0
       1
       0
       0
       1
       0
       1
       0
       0
       0
       0
       2
       1
       1
       1
       0
       0
       0
       0
       0
       1
       0
       0
       0
       0
       1
       0
       1
       0
       0
       0
       2
       0
       0
       0
       0
       0
       2
       0
       1
       0
       0
       0
       0
       1
       0
       0
       0
       1
       0
       1
       0
       0
       1
       2
       2
       1
       2
       0
       1
       0
       0
       0
       2
       0
       1
       1
       1
       0
       0
       0
       0
       0
       0
       1
       1
       1
       2
       0
       0
       0
       0
       0
       1
       0
       0
       1
       0
       1
       0
       1
       0
       0
       0
       0
       0
       2
       0
       0
       1
       1
       0
       0
       0
       0
       2
       1
       0
       0
       0
       1
       0
       0
       0
       1
       0
       1
       1
       0
       0
       0
       0
       0
       0
       0
       1
       0
       0
       1
       0
       1
       1
       0
       0
       0
       0
       0
       1
       0
       0
       0
       0
       0
       0
       1
       1
       1
       1
       2
       1
       0
       0
       1
       0
       0
       0
       0
       1
       1
       2
       0
       0
       0
       0
       0
       0
       0
       1
       0
       1
       0
       0
       0
       1
       0
       0
       0
       0
       0
       0
       0
       0
       2
       1
       1
       0
       1
       1
       0
       0
       0
       1
       3
       0
       1
       0
       1
       0
       2
       0
       0
       0
       1
       0
       0
       0
       0
       0
       1
       0
       0
       1
       1
       1
       1
       1
       1
       0
       0
       1
       1
       1
       0
       2
       0
       0
       0
       0
       0
       1
       0
       0
       0
       0
       1
       0
       0
       0
       0
       2
       1
       1
       1
       1
       0
       0
       0
       1
       0
       1
       0
       0
       0
       0
       1
       1
       0
       0
       0
       0
       0
       0
       0
       0
       0
       0
       0
       0
       1
       0
       0
       1
       2
       0
       0
       0
       0
       1
       1
       0
       1
       1
       2
       0
       0
       0
       1
       0
       0
       0
       2
       0
       0
       0
       0
       2
       0
       0
       0
       2
       0
       0
       0
       0
       0
       0
       1
       0
       0
       0
       1
       0
       1
       1
       1
       0
       0
       0
       1
       0
       0
       1
       1
       0
       0
       2
       1
       0
       0
       1
       1
       1
       0
       0
       1
       1
       0
       0
       2
       1
       3
       2
       0
       0
       0
       0
       0
       0
       0
       1
       1
       0
       0
       1
       1
       2
       0
       2
       1
       0
       0
       0
       0
       0
       0
       0
       1
       2
       0
       2
       1
       0
       0
       1
       0
       2
       0
       0
       1
       0
       2
       1
       2
       1
       0
       0
       1
       0
       3
       0
       0
       0
       0
       0
       0
       0
       0
       0
       0
       0
       0
       0
       0
       0
       0
       1
       3
       0
       2
       0
       0
       0
       1
       1
       2
       0
       1
       0
       0
       0
       2
       0
       0
       0
       1
       0
       1
       0
       0
       1
       1
       1
       2
       0
       0
       1
       0
       1
       2
       0
       1
       0
       1
       0
       0
       0
       0
       1
       1
       1
       2
       1
       2
       0
       1
       0
       1
       0
       1
       0
       1
       0
       0
       0
       3
       0
       0
       1
       0
       0
       0
       1
       2
       0
       1
       1
       1
       0
       1
       0
       2
       1
       0
       1
       0
       1
       1
       0
       0
       1
       0
       0
       1
       0
       0
       0
       0
       0
       2
       0
       1
       2
       0
       0
       2
       1
       1
       0
       0
       0
       1
       0
       0
       0
       1
       0
       0
       0
       1
       1
       0
       0
       0
       1
       0
       1
       1
       0
       1
       1
       0
       0
       1
       1
       0
       1
       1
       0
       0
       0
       1
       0
       1
       0
       2
       1
       0
       0
       0
       1
       1
       0
       2
       0
       1
       1
       1
       1
       1
       1
       0
       0
       0
       2
       1
       0
       0
       0
       0
       1
       0
       0
       1
       0
       0
       1
       1
       0
       1
       0
       0
       0
       0
       0
       2
       1
       0
       0
       1
       1
       0
       1
       0
       0
       1
       0
       1
       0
       1
       0
       0
       1
       2
       2
       0
       0
       0
       0
       1
       0
       1
       1
       1
       2
       0
       0
       0
       0
       2
       2
       0
       0
       0
       0
       1
       1
       0
       0
       1
       0
       0
       0
       1
       1
       0
       0
       0
       1
       0
       0
       0
       2
       0
       0
       0
       1
       1
       0
       2
       2
       1
       2
       0
       0
       1
       0
       1
       1
       1
       0
       0
       0
       1
       1
       0
       0
       1
       0
       0
       2
       0
       2
       0
       2
       1
       1
       1
       1
       0
       1
       0
       1
       0
       0
       1
       1
       0
       0
       0
       0
       1
       0
       2
       1
       2
       1
       0
       0
       2
       0
       2
       0
       1
       0
       1
       1
       0
       1
       0
       1
       0
       1
       1
       0
       1
       1
       0
       0
       1
       1
       1
       0
       0
       1
       0
       1
       1
       0
       0
       1
       0
       0
       1
       0
       1
       0
       0
       0
       1
       0
       1
       0
       1
       0
       1
       1
       0
       0
       0
       1
       1
       1
       0
       0
       0
       0
       0
       0
       0
       1
       1
       3
       0
       0
       0
       2
       0
       2
       0
       0
       0
       1
       1
       0
       1
       0
       0
       0
       0
       0
       1
       0
       0
       1
       4
       0
       2
       1
       0
       1
       0
       0
       2
       1
       0
       0
       0
       0
       1
       1
       1
       1
       0
       0
       1
       0
       1
       1
       0
       1
       0
       0
       1
       0
       0
       3
       0
       1
       1
       0
       1
       0
       3
       0
       0
       0
       0
       1
       0
       2
       0
       0
       1
       2
       1
       0
       2
       2
       0
       0
       1
       0
       0
       0
       0
       1
       1
       1
       1
       1
       0
       0
       0
       2
       1
       0
       1
       0
       0
       0
       1
       0
       0
       1
       1
       0
       0
       2
       0
       2
       0
       0
       1
       1
       1
       1
       1
       1
       0
       1
       1
       0
       1
       0
       1
       1
       0
       0
       0
       1
       1
       0
       1
       0
       1
       2
       0
       0
       0
       1
       0
       0
       1
       2
       1
       0
       1
       1
       3
       0
       0
       1
       1
       0
       1
       0
       0
       0
       0
       0
       0
       0
       1
       0
       0
       0
       4
       1
       0
       0
       1
       0
       2
       2
       1
       0
       1
       1
       0
       0
       0
       1
       2
       0
       2
       1
       0
       0
       1
       0
       0
       1
       2
       0
       0
       0
       0
       1
       1
       0
       0
       1
       0
       1
       0
       0
       2
       1
       2
       0
       3
       0
       0
       0
       0
       1
       0
       1
       2
       1
       0
       2
       1
       1
       2
       2
       0
       0
       1
       4
       1
       2
       0
       0
       2
       1
       0
       1
       2
       1
       0
       3
       0
       0
       0
       1
       0
       0
       1
       1
       1
       4
       2
       0
       1
       0
       0
       6
       1
       0
       3
       2
       1
       5
       1
       1
       4
       0
       0
       1
       2
       2
       3
       0
       2
       1
       1
       2
       1
       0
       1
       1
       4
       3
       0
       0
       3
       4
       2
       2
       2
       1
       2
       3
       0
       1
       4
       0
       2
       0
       0
       1
       3
       1
       1
       3
       2
       1
       2
       3
       3
       1
       1
       2
       2
       1
       2
       2
       2
       1
       3
       4
       2
       1
       0
       3
       0
       0
       2
       1
       1
       2
       2
       1
       1
       0
       2
       0
       1
       0
       0
       1
       2
       5
       1
       3
       4
       2
       1
       1
       2
       2
       3
       0
       1
       0
       2
       3
       3
       3
       3
       3
       1
       0
       1
       3
       3
       3
       0
       2
       2
       0
       2
       0
       1
       0
       6
       2
       3
       2
       1
       3
       0
       6
       7
       3
       3
       4
       5
       2
       6
       3
       5
       2
       2
       4
       1
       6
       7
       4
       6
       3
       5
       2
       2
       2
       5
       4
       7
       4
       4
       9
       8
       5
       5
       7
       6
       7
       8
       5
       7
       9
      14
       9
       1
       7
       4
      10
      14
      13
       9
      12
      12
      11
       9
      13
      13
      14
      13
      17
      15
      15
      12
      20
      23
      22
      17
      32
      20
      36
      23
      34
      25
      31
      29
      35
      40
      52
      53
      43
      61
      59
      49
      57
      47
      65
      67
      70
      70
      68
      83
      92
      91
      85
      97
      78
      86
     109
      96
      79
      89
     119
     119
     120
     133
     111
     134
     128
     179
     184
     176
     158
     203
     222
     221
     269
     253
     269
     308
     342
     355
     372
     390
     421
     448
     480
     532
     491
     569
     600
     597
     628
     659
     648
     704
     698
     781
     830
     848
     823
     988
    1016
    1057
    1190
    1201
    1285
    1354
    1470
    1533
    1604
    1726
    1709
    1796
    1910
    1971
    2034
    2003
    2144
    2099
    2132
    2158
    2068
    1984
    1864
    1845
    1777
    1726
    1583
    1509
    1349
    1341
    1180
    1056
     956
     854
     765
     673
     528
     426
     385
     345
     296
     246
     206
     147
     139
     115
      78
      74
      57
      53
      46
      40
      34
      32
      33
      19
      24
      17
      18
      21
      12
      17
      10
       7
      14
      10
      14
       7
       6
       5
      10
       9
       5
       5
       2
       8
       5
       0
       1
       4
       3
       0
       2
       2
       1
       0
       1
       0
       2
       0
       0
       0
       0
       0
       0
       0
       0
       0
       0
       0
       0
       1
       0
       0
       0
       0
       1
       0
       0
       0
       0
       0
       0
       0
       0
       0
       0
       1
       0
       0
       0
       0
       0
       0
       0
       0
       0
       0
       0
       0
       0
       1
       0
       0
       0
       0
       1
       0
       0
       0
       0
       1
       0
       0
       1
       0
       0
       0
       0
       0
       0
       0
       0
       0
       0
       0
       0
       0
       0
       0
       0
       0
       0
       0
       0
       0
       0
       0
       0
       0
       0
       0
       0
       0
       0
       0
       0
       0
       0
       0
       0
       0
       0
       0
       0
       0
       0
       0
       0
       0
       1
       0
       0
       0
       0
       0
       0
       0
       0
       0
       0
       0
       0
       0
       0
       0
       0
       0
       0
       0
       0
       0
       0
       0
       0
       0
       0
       0
       0
       0
       0
       0
       0
       0
       0
       0
       0
       0
       0
       0
       0
       0
       0
       0
       0
       0
       0
       0
       0
       0
       0
       0
       0
       0
       0
       0
       0
       0
       0
       0
       0
       0
       0
       0
       0
       0
       0
       0
       0
       0
       0
       0
       0
       0
       0
       0
       0
       0
       0
       0
       0
       0
       0
       0
       0
       0
       0
       0
       0
       0
       0
       0
       0
       0
       0
       0
       0
       0
       0
       0
       0
       0
       0
       0
       0
       0
       0
       0
       0
       0
       0
       0
       0
       0
       0
       0
       0
       0
       0
       0
       0
       0
       0
       0
       0
       0
       0
       0
       0
       0
       0
       0
       0
       0
       0
       0
       0
       0
       0
       0
       0
       0
       0
       0
       0
       0
       0
       0
       0
       0
       0
       0
       0
       0
       0
       0
       0
       0
       0
       0
       0
       0
       0
       0
       0
       0
       0
       0
       0
       0
       0
       0
       0
       0
       0
       0
       0
       0
       0
       0
       0
       0
       0
       0
       0
       0
       0
       0
       0
       0
       0
       0
       0
       0
       0
       0
       0
       0
       0
       0
       0
       0
       0
       0
       0
       0
       0
       0
       0
       0
       0
       0
       0
       0
       0
       0
       0
       0
       0
       0
       0
       0
       0
       0
       0
       0
       0
       0
       0
       0
       0
       0
       0
       1
       0
       0
       0
       0
       0
       0
       0
       0
       0
       0
       0
       1
       1
       0
       0
       0
       0
       0
       0
       0
       0
       0
       0
       0
       0
       0
       0
       0
       0
       0
       1
       0
       0
       0
       0
       0
       0
       0
       0
       0
       0
       0
       0
       0
       0
       0
       0
       0
       0
       1
       0
       0
       0
       0
       2
       0
       0
       0
       0
       0
       0
       0
       0
       0
       0
       0
       0
       0
$ROI:
2
1629 1766
3432 3815
$PRESETS:
Live Time
300
0
$ENER_FIT:
0.000000 0.000000
$MCA_CAL:
3
0.000000E+000 0.000000E+000 0.000000E+000 
$SHAPE_CAL:
3
0.000000E+000 0.000000E+000 0.000000E+000
