$SPEC_ID:
No sample description was entered.
$SPEC_REM:
DET# 1
DETDESC# HEWLETT-88U0ST7 MCB 129
AP# Maestro Version 6.08
$DATE_MEA:
06/14/2022 11:28:04
$MEAS_TIM:
300 300
$DATA:
0 4095
       0
       0
       0
       0
       0
       0
       0
       0
       0
       0
       0
       0
       0
       0
       0
       0
       0
       0
       0
       0
       0
       0
       0
       0
       0
       0
       0
       0
       0
       0
       0
       0
       0
       0
       0
       0
       0
       0
       0
       0
       0
       0
       0
       0
       0
       0
       0
       0
       0
       0
       0
       0
      14
      12
      15
      15
      10
       9
       4
       7
       8
       5
       7
      12
       4
       2
       3
       5
       5
       8
       2
       1
       2
       2
       1
       1
       1
       0
       2
       1
       0
       2
       1
       1
       0
       0
       0
       3
       0
       2
       1
       1
       0
       0
       1
       1
       1
       2
       0
       1
       0
       2
       0
       2
       1
       0
       2
       0
       0
       1
       0
       0
       0
       2
       1
       0
       1
       0
       1
       0
       0
       1
       1
       0
       0
       0
       1
       0
       0
       0
       0
       2
       0
       1
       2
       0
       0
       0
       1
       1
       1
       0
       2
       1
       1
       0
       0
       1
       0
       0
       0
       0
       1
       0
       0
       0
       0
       1
       1
       1
       1
       0
       0
       0
       1
       1
       2
       0
       0
       0
       0
       0
       0
       0
       0
       0
       1
       1
       0
       0
       1
       1
       2
       0
       1
       0
       0
       1
       0
       0
       0
       0
       1
       0
       1
       0
       0
       2
       0
       1
       0
       1
       0
       0
       0
       0
       0
       0
       0
       0
       0
       0
       1
       0
       1
       1
       0
       1
       0
       1
       0
       0
       0
       0
       0
       0
       1
       0
       0
       0
       0
       0
       0
       0
       0
       0
       0
       0
       2
       0
       0
       0
       0
       1
       0
       0
       0
       0
       0
       0
       0
       0
       0
       0
       0
       0
       1
       0
       0
       1
       1
       0
       0
       0
       0
       0
       0
       1
       0
       0
       0
       0
       0
       0
       0
       0
       0
       1
       0
       1
       0
       0
       0
       0
       0
       0
       0
       0
       0
       0
       0
       1
       0
       1
       0
       1
       2
       0
       0
       1
       1
       0
       0
       0
       0
       0
       2
       0
       0
       0
       1
       0
       1
       0
       0
       1
       0
       0
       1
       1
       0
       0
       0
       1
       1
       0
       0
       0
       1
       0
       0
       1
       0
       0
       0
       0
       0
       0
       0
       0
       1
       0
       0
       1
       0
       1
       1
       0
       1
       0
       0
       0
       0
       0
       0
       0
       1
       1
       3
       2
       0
       1
       0
       1
       0
       0
       0
       0
       0
       0
       1
       0
       1
       0
       0
       0
       0
       1
       0
       0
       0
       1
       0
       0
       0
       1
       0
       1
       0
       0
       0
       0
       0
       1
       1
       0
       0
       0
       0
       0
       0
       0
       0
       0
       1
       1
       0
       1
       0
       0
       1
       0
       1
       1
       0
       0
       0
       0
       1
       1
       0
       0
       0
       0
       0
       0
       0
       0
       0
       0
       0
       0
       0
       0
       0
       0
       0
       0
       0
       1
       0
       0
       0
       0
       0
       0
       0
       1
       0
       1
       0
       1
       0
       0
       0
       2
       0
       1
       1
       0
       0
       0
       0
       1
       0
       1
       0
       0
       0
       0
       0
       0
       0
       0
       0
       1
       0
       0
       0
       0
       0
       0
       0
       0
       1
       0
       0
       1
       0
       0
       0
       0
       0
       1
       0
       0
       1
       1
       1
       1
       0
       1
       0
       0
       1
       1
       0
       1
       0
       1
       0
       0
       1
       0
       1
       0
       1
       1
       0
       0
       1
       0
       0
       0
       0
       0
       1
       0
       0
       0
       0
       0
       0
       0
       0
       0
       1
       0
       0
       0
       0
       0
       0
       0
       0
       1
       0
       0
       0
       0
       2
       0
       0
       0
       0
       0
       0
       0
       1
       0
       0
       0
       0
       1
       0
       1
       0
       0
       0
       0
       1
       0
       1
       0
       0
       0
       0
       0
       0
       0
       0
       0
       0
       0
       0
       0
       2
       1
       0
       0
       0
       1
       0
       0
       0
       1
       1
       1
       1
       0
       0
       0
       0
       0
       0
       0
       0
       0
       1
       0
       2
       2
       0
       0
       0
       0
       0
       0
       0
       1
       0
       3
       1
       0
       0
       0
       0
       1
       0
       3
       1
       0
       0
       0
       0
       0
       0
       1
       0
       0
       0
       1
       0
       0
       0
       1
       0
       0
       0
       0
       0
       0
       1
       1
       0
       0
       1
       1
       2
       1
       1
       2
       1
       0
       1
       0
       0
       0
       0
       0
       0
       0
       0
       0
       0
       0
       0
       0
       0
       1
       1
       0
       1
       1
       1
       0
       0
       1
       0
       0
       0
       0
       0
       0
       0
       0
       0
       0
       0
       1
       0
       0
       2
       0
       0
       0
       0
       0
       0
       1
       0
       0
       0
       0
       0
       1
       0
       3
       0
       0
       1
       0
       0
       0
       1
       0
       0
       0
       0
       0
       1
       0
       0
       0
       0
       0
       0
       1
       1
       0
       0
       0
       0
       1
       0
       0
       0
       0
       0
       0
       0
       0
       0
       0
       1
       0
       0
       0
       0
       1
       0
       0
       0
       1
       0
       0
       2
       0
       3
       3
       0
       0
       0
       0
       1
       0
       0
       1
       0
       0
       0
       1
       1
       0
       0
       0
       0
       0
       0
       0
       0
       0
       0
       0
       1
       0
       0
       2
       0
       1
       0
       0
       0
       0
       1
       0
       1
       0
       0
       0
       0
       0
       0
       0
       0
       0
       0
       1
       0
       1
       0
       0
       0
       1
       0
       2
       0
       1
       0
       1
       0
       0
       1
       1
       0
       0
       1
       0
       0
       0
       1
       0
       0
       1
       0
       0
       0
       0
       2
       0
       0
       1
       1
       0
       0
       0
       0
       0
       1
       1
       2
       0
       0
       0
       2
       0
       1
       0
       0
       0
       1
       1
       2
       1
       0
       1
       0
       0
       0
       0
       0
       0
       1
       0
       1
       0
       1
       0
       0
       0
       0
       0
       0
       0
       0
       0
       0
       0
       0
       0
       0
       0
       1
       0
       0
       1
       0
       0
       0
       1
       1
       0
       1
       0
       2
       0
       0
       1
       0
       0
       0
       0
       1
       0
       0
       0
       0
       0
       0
       1
       0
       0
       0
       0
       0
       0
       1
       1
       0
       0
       0
       2
       1
       2
       0
       0
       0
       2
       0
       0
       0
       2
       1
       0
       1
       1
       1
       0
       0
       0
       0
       0
       0
       1
       0
       0
       0
       0
       0
       0
       0
       1
       1
       1
       0
       1
       0
       0
       1
       1
       1
       2
       1
       0
       0
       1
       0
       0
       0
       2
       1
       0
       0
       1
       0
       0
       1
       0
       1
       0
       0
       0
       1
       0
       0
       1
       1
       0
       1
       0
       0
       0
       1
       0
       0
       2
       0
       4
       0
       0
       0
       1
       1
       0
       0
       0
       0
       0
       0
       0
       1
       0
       1
       2
       0
       0
       0
       1
       0
       1
       0
       1
       0
       0
       2
       0
       0
       1
       0
       1
       0
       1
       1
       1
       1
       0
       1
       0
       0
       1
       1
       0
       0
       0
       1
       1
       0
       0
       2
       0
       1
       0
       1
       0
       1
       1
       0
       0
       0
       0
       1
       0
       0
       0
       0
       1
       1
       0
       0
       1
       0
       0
       1
       0
       1
       0
       0
       0
       0
       1
       1
       1
       0
       0
       0
       0
       0
       0
       0
       0
       0
       1
       0
       0
       0
       0
       0
       0
       1
       0
       0
       0
       0
       2
       0
       1
       2
       0
       0
       0
       1
       1
       0
       0
       0
       1
       1
       2
       0
       0
       1
       0
       0
       1
       1
       1
       0
       0
       0
       0
       0
       0
       0
       0
       0
       1
       2
       1
       0
       2
       1
       2
       1
       0
       0
       0
       0
       2
       0
       1
       0
       0
       0
       0
       0
       1
       0
       0
       1
       1
       1
       0
       0
       0
       0
       0
       0
       1
       0
       0
       2
       0
       0
       1
       1
       2
       1
       1
       1
       1
       0
       0
       0
       0
       1
       0
       0
       0
       0
       0
       2
       1
       0
       1
       0
       1
       0
       3
       1
       0
       0
       0
       0
       1
       0
       0
       1
       0
       0
       1
       1
       0
       0
       1
       1
       0
       0
       0
       1
       0
       0
       1
       0
       0
       0
       2
       1
       0
       0
       0
       0
       1
       0
       0
       1
       0
       1
       1
       0
       0
       1
       0
       0
       0
       0
       0
       0
       0
       0
       0
       0
       1
       0
       1
       0
       0
       0
       0
       0
       1
       0
       0
       1
       0
       0
       0
       0
       1
       0
       0
       1
       0
       0
       0
       1
       1
       1
       1
       0
       0
       1
       0
       0
       1
       0
       0
       0
       1
       0
       0
       1
       1
       0
       0
       1
       0
       0
       1
       1
       0
       0
       0
       1
       0
       0
       1
       0
       0
       0
       2
       0
       0
       1
       0
       1
       0
       0
       0
       0
       0
       0
       1
       1
       1
       0
       0
       1
       1
       2
       1
       1
       0
       0
       1
       0
       0
       1
       1
       2
       0
       0
       0
       0
       1
       0
       0
       0
       0
       0
       0
       2
       2
       1
       0
       0
       0
       2
       0
       2
       0
       0
       2
       0
       0
       1
       2
       1
       1
       0
       1
       0
       1
       0
       1
       0
       2
       1
       0
       1
       0
       0
       0
       1
       0
       0
       0
       0
       1
       0
       1
       0
       0
       0
       1
       1
       1
       0
       0
       1
       0
       0
       0
       0
       0
       1
       0
       1
       0
       2
       0
       1
       0
       1
       0
       1
       0
       0
       0
       0
       0
       1
       0
       0
       0
       0
       0
       0
       0
       0
       2
       0
       0
       1
       0
       0
       0
       1
       0
       0
       0
       0
       0
       2
       1
       0
       0
       0
       0
       0
       0
       0
       0
       0
       1
       0
       0
       0
       0
       0
       0
       0
       2
       0
       1
       1
       0
       0
       1
       0
       0
       0
       1
       0
       0
       1
       1
       0
       2
       0
       0
       0
       0
       1
       0
       1
       0
       0
       0
       0
       0
       0
       0
       1
       0
       1
       1
       0
       1
       0
       0
       0
       1
       0
       0
       0
       0
       1
       0
       0
       0
       0
       1
       0
       1
       1
       0
       2
       0
       1
       0
       0
       2
       1
       0
       0
       0
       0
       0
       1
       3
       0
       0
       0
       1
       1
       0
       1
       0
       1
       1
       1
       0
       0
       0
       0
       0
       1
       0
       0
       0
       0
       0
       0
       0
       0
       1
       0
       0
       3
       0
       0
       0
       1
       0
       0
       0
       1
       2
       0
       1
       0
       1
       0
       0
       1
       0
       0
       1
       0
       1
       3
       2
       1
       0
       0
       0
       1
       0
       0
       0
       0
       2
       1
       1
       0
       0
       1
       1
       0
       1
       0
       0
       1
       1
       0
       1
       1
       0
       0
       0
       0
       0
       0
       0
       0
       0
       0
       1
       0
       0
       0
       2
       0
       0
       0
       0
       1
       1
       0
       0
       2
       0
       0
       0
       0
       0
       2
       0
       1
       0
       2
       1
       0
       0
       0
       0
       0
       0
       1
       1
       0
       0
       0
       1
       1
       0
       0
       0
       0
       0
       1
       1
       0
       0
       1
       1
       1
       0
       0
       1
       0
       3
       0
       0
       0
       1
       2
       0
       0
       0
       0
       1
       0
       0
       0
       0
       0
       0
       0
       0
       0
       0
       1
       0
       1
       0
       1
       0
       0
       0
       2
       0
       2
       0
       0
       0
       0
       0
       0
       0
       0
       0
       0
       0
       0
       0
       0
       1
       1
       1
       0
       0
       0
       0
       1
       1
       0
       0
       1
       0
       0
       0
       0
       0
       3
       1
       0
       0
       0
       0
       1
       0
       0
       0
       0
       1
       0
       0
       1
       0
       1
       0
       1
       0
       0
       1
       0
       0
       0
       1
       0
       1
       1
       0
       1
       1
       0
       0
       0
       1
       0
       1
       0
       0
       0
       1
       2
       0
       0
       1
       0
       0
       0
       1
       0
       0
       0
       0
       0
       0
       1
       0
       1
       0
       2
       0
       0
       0
       0
       0
       1
       1
       0
       1
       0
       0
       0
       1
       0
       1
       0
       0
       0
       0
       0
       1
       0
       1
       1
       1
       0
       0
       0
       0
       0
       0
       1
       0
       0
       0
       0
       0
       0
       0
       0
       0
       0
       0
       0
       0
       1
       0
       1
       1
       1
       1
       0
       2
       1
       0
       0
       2
       0
       0
       1
       0
       1
       0
       0
       1
       0
       0
       0
       1
       0
       0
       0
       1
       0
       0
       0
       1
       0
       1
       1
       0
       1
       1
       0
       0
       1
       0
       0
       1
       0
       0
       1
       0
       0
       0
       1
       0
       0
       0
       1
       1
       2
       1
       0
       1
       1
       1
       0
       0
       1
       0
       1
       1
       0
       0
       1
       1
       1
       0
       0
       0
       0
       0
       1
       0
       0
       1
       1
       0
       0
       1
       0
       1
       1
       0
       1
       1
       0
       0
       0
       1
       0
       0
       0
       0
       0
       0
       1
       0
       1
       0
       0
       0
       0
       0
       0
       0
       0
       1
       2
       1
       2
       1
       0
       1
       1
       1
       1
       1
       0
       1
       2
       0
       0
       1
       0
       0
       0
       0
       0
       0
       0
       0
       0
       0
       1
       0
       3
       0
       1
       0
       2
       0
       0
       0
       1
       1
       1
       0
       1
       1
       0
       0
       0
       2
       1
       1
       0
       1
       0
       0
       0
       0
       0
       1
       1
       0
       0
       0
       4
       0
       0
       3
       0
       1
       1
       0
       0
       1
       0
       0
       0
       0
       1
       1
       1
       0
       1
       0
       1
       0
       0
       0
       1
       2
       0
       1
       0
       2
       0
       0
       1
       0
       1
       1
       3
       0
       1
       0
       2
       0
       0
       0
       1
       2
       2
       0
       0
       0
       0
       0
       1
       1
       1
       0
       0
       0
       0
       1
       0
       1
       1
       0
       0
       0
       1
       0
       1
       0
       0
       1
       0
       2
       2
       0
       0
       0
       0
       0
       0
       2
       1
       0
       1
       0
       0
       0
       0
       1
       2
       1
       0
       0
       0
       2
       2
       0
       0
       2
       0
       0
       0
       1
       0
       0
       3
       2
       1
       0
       0
       2
       0
       0
       1
       0
       0
       0
       0
       0
       1
       0
       0
       1
       1
       2
       0
       0
       0
       1
       0
       1
       0
       0
       0
       0
       0
       0
       2
       1
       2
       0
       0
       0
       0
       0
       2
       0
       0
       0
       0
       0
       1
       0
       1
       1
       0
       1
       1
       2
       0
       0
       0
       0
       0
       1
       1
       1
       0
       0
       0
       0
       0
       1
       0
       0
       0
       0
       1
       1
       0
       0
       1
       0
       0
       1
       0
       0
       0
       1
       0
       1
       0
       0
       0
       0
       0
       1
       0
       1
       0
       0
       0
       4
       1
       0
       0
       1
       0
       0
       0
       1
       0
       1
       1
       1
       0
       2
       0
       1
       1
       0
       0
       1
       1
       2
       0
       2
       0
       0
       1
       1
       0
       1
       0
       0
       0
       0
       0
       0
       1
       2
       1
       0
       1
       0
       0
       0
       0
       0
       0
       0
       0
       0
       1
       0
       0
       1
       1
       3
       1
       0
       1
       0
       0
       0
       3
       1
       0
       2
       0
       1
       0
       1
       1
       2
       0
       0
       0
       0
       0
       1
       0
       1
       1
       0
       0
       0
       0
       1
       0
       0
       1
       1
       0
       0
       0
       0
       0
       0
       0
       1
       0
       0
       0
       1
       0
       0
       0
       0
       0
       1
       0
       1
       0
       0
       0
       0
       0
       0
       0
       1
       0
       1
       0
       1
       0
       0
       0
       0
       0
       1
       0
       1
       1
       2
       0
       1
       0
       2
       1
       0
       0
       2
       1
       2
       0
       1
       1
       0
       0
       2
       0
       1
       0
       0
       0
       0
       0
       1
       1
       2
       0
       1
       1
       0
       2
       1
       0
       0
       1
       0
       0
       0
       1
       0
       0
       0
       0
       1
       0
       1
       0
       2
       0
       1
       0
       0
       1
       0
       0
       1
       0
       0
       0
       1
       0
       1
       0
       1
       2
       1
       0
       0
       1
       1
       0
       2
       0
       2
       1
       0
       0
       2
       0
       1
       1
       0
       1
       1
       1
       1
       0
       0
       2
       1
       2
       1
       0
       0
       1
       0
       0
       0
       0
       0
       0
       0
       0
       0
       1
       1
       1
       2
       0
       0
       0
       0
       0
       0
       0
       1
       2
       1
       0
       0
       0
       1
       3
       1
       0
       0
       1
       0
       1
       0
       0
       2
       0
       0
       0
       1
       2
       0
       0
       0
       0
       0
       0
       0
       1
       0
       0
       0
       1
       2
       1
       2
       1
       2
       1
       0
       0
       1
       0
       0
       0
       0
       0
       0
       0
       1
       0
       0
       1
       0
       2
       0
       0
       0
       2
       0
       1
       0
       2
       0
       0
       1
       1
       0
       1
       0
       0
       0
       0
       0
       0
       0
       0
       0
       1
       0
       1
       0
       0
       1
       1
       1
       1
       1
       0
       0
       0
       2
       0
       2
       1
       2
       0
       1
       1
       0
       1
       1
       1
       0
       1
       0
       1
       0
       0
       1
       0
       1
       1
       2
       1
       0
       1
       0
       1
       0
       0
       1
       1
       0
       1
       3
       0
       1
       0
       0
       1
       0
       4
       0
       1
       1
       0
       0
       0
       0
       0
       0
       0
       1
       0
       1
       1
       1
       0
       1
       0
       2
       1
       0
       0
       0
       0
       1
       0
       1
       0
       2
       2
       2
       2
       1
       0
       1
       2
       1
       0
       2
       2
       2
       0
       3
       1
       1
       3
       1
       0
       1
       0
       2
       0
       0
       1
       1
       2
       1
       1
       0
       0
       0
       1
       1
       1
       3
       2
       3
       0
       0
       2
       1
       2
       0
       1
       2
       0
       0
       0
       3
       0
       2
       2
       0
       0
       0
       2
       1
       0
       0
       1
       0
       2
       2
       0
       2
       0
       0
       1
       1
       1
       1
       0
       4
       0
       2
       1
       1
       1
       3
       1
       1
       2
       0
       1
       0
       2
       0
       0
       2
       2
       2
       0
       1
       1
       2
       3
       1
       0
       1
       1
       3
       1
       0
       1
       0
       1
       1
       2
       0
       1
       1
       4
       2
       1
       1
       2
       0
       5
       0
       3
       0
       2
       3
       1
       0
       2
       0
       1
       5
       0
       2
       4
       1
       2
       1
       0
       1
       2
       0
       3
       3
       0
       0
       2
       2
       1
       2
       1
       2
       0
       0
       3
       1
       1
       0
       0
       2
       0
       4
       1
       2
       3
       2
       0
       0
       2
       3
       0
       2
       2
       2
       2
       1
       2
       1
       4
       2
       3
       1
       2
       4
       2
       4
       2
       1
       2
       1
       1
       2
       2
       4
       5
       5
       1
       1
       3
       3
       3
       3
       1
       6
       2
       4
       4
       2
       2
       4
       4
       4
       2
       3
       3
       9
       5
       3
       6
       5
       3
       5
       5
       5
       4
       2
       9
       6
       2
       4
       5
       4
       6
       3
       5
       9
       5
      10
      17
      15
       9
      10
       7
       7
      12
      12
       4
      16
      11
      13
      11
      12
       6
      11
      14
      23
      12
      25
      12
      16
      23
      22
      22
      16
      24
      26
      34
      20
      30
      25
      30
      28
      44
      27
      37
      43
      41
      44
      43
      48
      45
      66
      56
      57
      75
      58
      62
      75
      62
      62
      73
      82
      79
      83
     100
      99
      99
      96
     103
      96
     124
     137
     109
     149
     139
     148
     186
     171
     171
     180
     197
     226
     196
     207
     237
     204
     260
     285
     287
     301
     293
     322
     346
     363
     394
     405
     406
     435
     418
     433
     476
     451
     526
     558
     597
     580
     621
     669
     647
     717
     744
     766
     788
     855
     814
     858
     852
     906
     945
     940
    1005
    1031
    1102
    1077
    1094
    1111
    1192
    1178
    1256
    1151
    1183
    1271
    1232
    1273
    1293
    1279
    1292
    1343
    1256
    1303
    1243
    1221
    1291
    1285
    1231
    1219
    1235
    1065
    1131
    1051
    1000
    1039
     997
     964
     957
     895
     894
     822
     839
     750
     701
     690
     665
     599
     560
     530
     480
     440
     482
     412
     378
     317
     309
     294
     278
     240
     244
     201
     200
     181
     165
     141
     134
      94
      94
      92
      73
      84
      71
      46
      55
      50
      33
      15
      32
      32
      24
      27
      16
      23
      12
      12
      11
      12
       5
       6
       5
       2
       8
       0
       4
       4
       5
       5
       5
       1
       1
       1
       1
       2
       1
       0
       1
       4
       2
       1
       0
       1
       0
       0
       0
       0
       0
       0
       1
       0
       1
       0
       0
       1
       0
       0
       0
       0
       1
       0
       0
       1
       0
       1
       0
       0
       0
       0
       0
       1
       0
       0
       0
       0
       0
       0
       0
       0
       0
       0
       0
       0
       0
       0
       0
       0
       0
       1
       0
       0
       0
       0
       0
       0
       0
       0
       0
       0
       0
       0
       0
       0
       0
       0
       0
       0
       0
       0
       0
       0
       0
       0
       0
       0
       0
       0
       0
       1
       0
       0
       0
       0
       0
       0
       0
       0
       0
       0
       0
       0
       0
       0
       0
       0
       0
       0
       0
       0
       0
       0
       0
       0
       0
       0
       0
       0
       0
       0
       0
       0
       0
       0
       0
       0
       0
       0
       0
       0
       0
       0
       0
       0
       0
       0
       0
       0
       0
       0
       0
       0
       0
       0
       0
       0
       0
       0
       0
       0
       0
       0
       0
       0
       0
       0
       0
       0
       0
       0
       0
       0
       0
       0
       0
       0
       0
       0
       0
       0
       0
       0
       0
       0
       0
       0
       0
       0
       0
       0
       0
       0
       0
       0
       0
       0
       0
       0
       0
       0
       0
       0
       0
       0
       0
       0
       0
       0
       0
       0
       0
       0
       0
       0
       0
       0
       0
       0
       0
       0
       0
       0
       0
       0
       0
       0
       0
       1
       0
       0
       0
       0
       0
       0
       0
       0
       0
       0
       0
       0
       0
       0
       0
       0
       0
       0
       0
       0
       0
       0
       0
       0
       1
       0
       0
       0
       0
       0
       0
       0
       0
       0
       0
       0
       0
       0
       0
       0
       0
       0
       0
       0
       0
       0
       0
       0
       0
       0
       1
       0
       0
       0
       0
       0
       0
       0
       0
       0
       0
       0
       0
       0
       0
       0
       0
       0
       0
       0
       0
       0
       0
       0
       0
       0
       0
       0
       0
       0
       0
       0
       0
       0
       0
       0
       0
       0
       0
       0
       0
       0
       0
       0
       0
       0
       0
       0
       0
       0
       0
       0
       0
       0
       0
       0
       0
       0
       0
       0
       0
       0
       0
       0
       0
       0
       0
       0
       0
       0
       0
       0
       0
       0
       0
       0
       0
       0
       0
       0
       0
       0
       0
       0
       0
       0
       0
       0
       0
       0
       0
       0
       0
       0
       0
       0
       0
       0
       0
       0
       0
       0
       0
       0
       0
       0
       0
       0
       0
       0
       0
       0
       0
       0
       1
       0
       0
       0
       0
       0
       0
       1
       0
       1
       0
       0
       0
       0
       0
       0
       0
       0
       0
       0
       0
       0
       0
       0
       0
       0
       0
       0
       0
       0
       0
       0
       0
       0
       0
       0
       0
       0
       0
       0
       0
       0
       0
       0
       0
       0
       0
       0
       0
       0
       0
       0
       0
       0
       0
       0
       0
       0
       0
       0
       0
       0
       0
       0
       0
       0
       0
       0
       0
       0
       0
       0
       0
       0
       0
       0
       0
       0
       1
       0
       0
       0
       0
       0
       0
       0
       0
       0
       0
       0
       0
       0
       0
       0
       0
       0
       0
       0
       0
       0
       0
       0
       0
       0
       0
       0
       0
       0
       0
       0
       0
       0
       0
       0
       0
       0
       0
       0
       0
       0
       0
       0
       0
       0
       0
       0
       0
       0
       0
       0
       0
       0
       0
       0
       0
       0
       0
       0
       0
       0
       0
       0
       0
       0
       0
       0
       0
       0
       0
       0
       0
       0
       0
       0
       0
       0
       0
       0
       0
       0
       0
       0
       0
       0
       0
       0
       0
       0
       0
       0
       0
       0
       0
       0
       0
       0
       0
       0
       0
       0
       0
       0
       0
       0
       0
       0
       0
       1
       0
       0
       0
       0
       0
       0
       0
       0
       0
       0
       0
       0
       0
       0
       0
       0
       0
       0
       0
       0
       0
       0
       0
       0
       0
       1
       0
       0
       0
       0
       0
       0
       0
       0
       1
       0
       0
       0
       0
       0
       0
       0
       0
       0
       0
       0
       0
       0
       0
       0
       0
       0
       0
       0
       0
       0
       0
       0
       0
       0
       0
       0
       0
       0
       0
       0
       0
       0
       1
       0
       0
       0
       0
       0
       0
       0
       0
       0
       0
       0
       0
       0
       0
       0
       0
       0
       0
       0
       0
       0
       0
       0
       0
       0
       1
       0
       0
       0
       0
       1
       0
       0
       0
       0
       0
       0
       0
       0
       0
       0
       0
       0
       0
       0
       0
       0
       0
       0
       0
       0
       0
       0
       0
       0
       0
       0
       0
       0
       0
       0
       0
       0
       0
       0
       0
       0
       0
       0
       0
       0
       0
       0
       0
       0
       0
       0
       0
       0
       0
       0
       0
       0
       0
       0
       0
       0
       0
       0
       0
       0
       0
       0
       0
       0
       0
       0
       0
       0
       0
       0
       0
       0
       0
       0
       0
       0
       0
       0
       1
       0
       0
       0
       0
       0
       0
       0
       0
       0
       0
       0
       0
       0
       0
       0
       0
       0
       0
       0
       0
       0
       0
       0
       0
       0
       0
       0
       0
       0
       0
       0
       1
       0
       0
       0
       0
       1
       0
       0
       0
       0
       0
       0
       0
       0
       0
       0
       0
       0
       0
       0
       0
       0
       0
       0
       0
       0
       0
       0
       0
       0
       0
       0
       0
       0
       0
       0
       0
       0
       0
       0
       0
       0
       0
       0
       0
       0
       0
       0
       0
       0
       0
       0
       0
       0
       0
       0
       1
       0
       0
       0
       0
       0
       0
       0
       0
       0
       0
       0
       0
       0
       0
       0
       0
       0
       0
       0
       0
       0
       0
       0
       0
       0
       0
       0
       0
       0
       0
       0
       0
       0
       0
       0
       0
       0
       0
       0
       0
       0
       1
       0
       0
       0
       0
       0
       0
       0
       0
       0
       0
       0
       0
       0
       0
       0
       0
       0
       0
       0
       0
       0
       0
       0
       0
       0
       0
       0
       0
       0
       0
       0
       0
       0
       0
       0
       0
       0
       0
       0
       0
       0
       0
       0
       0
       0
       0
       0
       0
       0
       0
       0
       0
       0
       0
       0
       0
       0
       0
       0
       0
       0
       0
       0
       0
       1
       0
       0
       0
       0
       0
       0
       0
       0
       0
       0
       0
       0
       0
       0
       0
       0
       0
       0
       0
       0
       0
       0
       0
       0
       0
       0
       0
       0
       0
       0
       0
       0
       0
       0
       0
       0
       0
       0
       0
       0
       0
       0
       0
       0
       0
       0
       0
       0
       0
       0
       0
       0
       0
       0
       0
       0
       0
       0
       0
       0
       0
       0
$ROI:
1
2884 3139
$PRESETS:
Live Time
300
0
$ENER_FIT:
0.000000 0.000000
$MCA_CAL:
3
0.000000E+000 0.000000E+000 0.000000E+000 
$SHAPE_CAL:
3
0.000000E+000 0.000000E+000 0.000000E+000
